# oST version 5.0 parameters


[image]

width
3840

height
2160

[narrow_stereo]

camera matrix
3897.456303 0.000000 2604.533600
0.000000 3901.542528 1346.255786
0.000000 0.000000 1.000000

distortion
-0.425545 0.148474 -0.010656 -0.005938 0.000000

rectification
1.000000 0.000000 0.000000
0.000000 1.000000 0.000000
0.000000 0.000000 1.000000

projection
3242.586670 0.000000 2756.082590 0.000000
0.000000 3760.939209 1354.008222 0.000000
0.000000 0.000000 1.000000 0.000000
