# oST version 5.0 parameters


[image]

width
640

height
480

[narrow_stereo]

camera matrix
447.425824 0.000000 323.735119
0.000000 448.282948 245.377170
0.000000 0.000000 1.000000

distortion
-0.387632 0.129012 0.003232 -0.002550 0.000000

rectification
1.000000 0.000000 0.000000
0.000000 1.000000 0.000000
0.000000 0.000000 1.000000

projection
339.121002 0.000000 321.238901 0.000000
0.000000 390.590271 249.347854 0.000000
0.000000 0.000000 1.000000 0.000000
