image_width: 1280
image_height: 720
camera_name: head_camera
camera_matrix:
  rows: 3
  cols: 3
  data: [1332.277872588374, 0, 618.9582095810887, 0, 1330.563237875732, 369.3034388612975, 0, 0, 1]
distortion_model: plumb_bob
distortion_coefficients:
  rows: 1
  cols: 5
  data: [-0.3406521085464553, 0.1191346778533028, 0.001642465994853503, 0.0002305588969861984, 0]
rectification_matrix:
  rows: 3
  cols: 3
  data: [1, 0, 0, 0, 1, 0, 0, 0, 1]
projection_matrix:
  rows: 3
  cols: 4
  data: [1217.856689453125, 0, 614.6127158187446, 0, 0, 1294.46044921875, 369.8219022742705, 0, 0, 0, 1, 0]