image_width: 640
image_height: 480
camera_name: head_camera
camera_matrix:
  rows: 3
  cols: 3
  data: [ 447.42582,    0.     ,  323.73512,
            0.     ,  448.28295,  245.37717,
            0.     ,    0.     ,    1.     ]
distortion_model: plumb_bob
distortion_coefficients:
  rows: 1
  cols: 5
  data: [-0.387632, 0.129012, 0.003232, -0.002550, 0.000000]
rectification_matrix:
  rows: 3
  cols: 3
  data: [ 1.,  0.,  0.,
          0.,  1.,  0.,
          0.,  0.,  1.]
projection_matrix:
  rows: 3
  cols: 4
  data: [ 339.121  ,    0.     ,  321.2389 ,    0.     ,
            0.     ,  390.59027,  249.34785,    0.     ,
            0.     ,    0.     ,    1.     ,    0.     ]
