image_width: 640
image_height: 480
camera_name: head_camera
camera_matrix:
  rows: 3
  cols: 3
  data: [905.3337524557311, 0, 294.5335362602468, 0, 905.2098489344564, 258.0192856943215, 0, 0, 1]
distortion_model: plumb_bob
distortion_coefficients:
  rows: 1
  cols: 5
  data: [-0.3346259520769586, 0.07644701778310499, 0.002879528544224694, -0.0005224472029562266, 0]
rectification_matrix:
  rows: 3
  cols: 3
  data: [1, 0, 0, 0, 1, 0, 0, 0, 1]
projection_matrix:
  rows: 3
  cols: 4
  data: [862.5203857421875, 0, 291.3620820089418, 0, 0, 880.2901000976562, 259.0097886223775, 0, 0, 0, 1, 0]